 25.99
 30.35
 37.50
 56.98
 63.71
 65.28
 66.93
 67.45
 67.55
 67.60
 68.38
 70.17
 70.76
 70.90
 71.10
 72.55
 72.95
 73.13
 74.33
 74.96
 77.05
 78.12
 78.73
 79.22
 79.54
 80.79
 81.19
 81.19
 82.85
 82.87
 83.28
 83.50
 83.53
 84.81
 84.95
 85.68
 86.84
 87.98
 89.51
 89.74
 90.95
 91.98
 95.23
 97.42
 97.97
101.04
101.69
101.72
101.82
102.24
102.39
103.92
105.46
106.59
106.62
106.93
107.04
107.73
107.95
108.52
108.54
108.73
109.08
109.34
110.49
112.56
112.83
113.00
115.31
115.60
116.06
116.82
117.03
118.66
118.72
118.84
119.04
119.10
120.15
120.49
120.78
120.90
122.82
123.03
123.17
123.52
123.74
123.99
126.43
127.63
127.66
127.84
129.14
130.18
130.95
131.05
131.19
131.42
131.48
132.67
133.12
133.37
133.60
133.76
134.45
135.08
136.71
138.50
139.32
139.51
139.83
141.07
141.25
142.27
142.88
142.94
143.22
144.25
145.18
145.62
146.26
148.75
150.14
150.52
150.79
150.91
151.06
151.83
152.29
152.44
152.44
152.75
153.66
153.74
153.80
154.24
155.27
156.10
156.27
158.10
158.47
158.54
159.27
159.79
160.63
160.75
162.17
163.84
164.42
164.64
166.58
167.47
167.74
170.47
170.83
172.54
172.59
173.81
173.81
174.03
174.77
176.00
177.95
179.31
179.75
180.35
181.07
182.00
184.35
186.63
188.34
189.21
190.71
191.33
192.92
196.65
196.68
197.44
198.62
198.67
200.06
201.96
203.43
207.38
207.72
208.10
210.41
211.06
211.48
217.26
217.37
222.61
223.80
224.97
227.77
230.24
233.08
234.27
235.95
240.99
243.18
245.07
245.49
245.87
247.63
248.59
249.10
249.13
255.76
258.82
259.60
262.04
262.38
263.19
264.56
266.63
269.23
274.98
275.80
284.42
287.47
289.49
291.77
296.31
300.36
300.51
300.96
302.62
302.86
304.63
308.53
309.78
310.39
311.03
319.68
334.50
335.86
343.23
352.38
361.30
384.37
392.95
406.00
444.95
471.61
520.44
