442661.3 6663976.5     0.31802839
442756.8 6663875.0     0.31802839
999.0 999.0 999.0
442756.8 6663875.0     0.61645106
442846.2 6663814.5     0.61645106
999.0 999.0 999.0
442846.2 6663814.5     0.38951433
442975.2 6663688.5     0.38951433
999.0 999.0 999.0
442975.2 6663688.5     0.69986909
443045.9 6663648.5     0.69986909
999.0 999.0 999.0
442671.1 6664782.0     0.14782648
442772.5 6664644.5     0.14782648
999.0 999.0 999.0
442772.5 6664644.5     0.55069867
442833.9 6664598.0     0.55069867
999.0 999.0 999.0
442867.7 6664515.0     0.07401572
442923.0 6664407.5     0.07401572
999.0 999.0 999.0
442966.2 6664333.5     0.67953203
443037.0 6664290.5     0.67953203
999.0 999.0 999.0
443037.0 6664290.5     0.43647563
443123.2 6664213.5     0.43647563
999.0 999.0 999.0
443070.4 6664598.0     0.55069867
443193.3 6664505.5     0.55069867
999.0 999.0 999.0
443193.3 6664505.5     0.79529999
443285.5 6664462.5     0.79529999
999.0 999.0 999.0
442873.8 6664899.0     0.55069867
443227.1 6664628.5     0.55069867
999.0 999.0 999.0
443082.8 6664960.5     0.24555205
443297.8 6664702.5     0.24555205
999.0 999.0 999.0
443271.0 6664850.5     0.00000000
443304.9 6664792.0     0.00000000
999.0 999.0 999.0
443156.5 6664091.0     0.69986909
443316.2 6663999.0     0.69986909
999.0 999.0 999.0
443316.2 6663999.0     0.90609332
443383.8 6663977.5     0.90609332
999.0 999.0 999.0
443383.8 6663977.5     0.52827449
443485.2 6663897.5     0.52827449
999.0 999.0 999.0
443485.2 6663897.5     0.63780134
443623.4 6663808.5     0.63780134
999.0 999.0 999.0
443208.7 6663827.0     0.02468195
443454.5 6663424.5     0.02468195
999.0 999.0 999.0
443331.6 6664825.0     0.12325856
443482.1 6664613.5     0.12325856
999.0 999.0 999.0
443377.7 6665092.0     0.02468195
443488.2 6664905.0     0.02468195
999.0 999.0 999.0
443488.2 6664905.0     0.19681526
443531.2 6664800.5     0.19681526
999.0 999.0 999.0
443357.2 6664718.5     0.14782648
443505.1 6664518.0     0.14782648
999.0 999.0 999.0
443505.1 6664518.0     0.31802839
443548.2 6664373.5     0.31802839
999.0 999.0 999.0
443436.0 6664410.5     0.59480463
443657.2 6664257.0     0.59480463
999.0 999.0 999.0
443399.1 6664266.0     0.38951433
443675.6 6663999.0     0.38951433
999.0 999.0 999.0
443537.4 6664748.5     0.29396603
443712.5 6664552.0     0.29396603
999.0 999.0 999.0
443712.5 6664552.0     0.59480463
443743.2 6664530.5     0.59480463
999.0 999.0 999.0
443743.2 6664530.5     0.94282908
443826.1 6664509.0     0.94282908
999.0 999.0 999.0
443826.1 6664509.0     0.57288112
443921.4 6664441.0     0.57288112
999.0 999.0 999.0
443921.4 6664441.0     0.45971111
444010.4 6664362.5     0.45971111
999.0 999.0 999.0
443565.1 6663784.0     0.19681526
443734.0 6663566.0     0.19681526
999.0 999.0 999.0
443675.7 6663166.5     0.26980401
443813.9 6663007.0     0.26980401
999.0 999.0 999.0
443718.7 6663514.0     0.75848295
443847.7 6663449.5     0.75848295
999.0 999.0 999.0
443777.0 6665301.5     0.17234812
443875.3 6665172.5     0.17234812
999.0 999.0 999.0
443820.1 6663185.0     0.59480463
444004.4 6663056.0     0.59480463
999.0 999.0 999.0
444004.4 6663056.0     0.57288112
444176.4 6662933.0     0.57288112
999.0 999.0 999.0
443831.2 6665074.0     0.73936971
444039.2 6664962.5     0.73936971
999.0 999.0 999.0
443838.4 6663992.5     0.77713583
444075.0 6663879.0     0.77713583
999.0 999.0 999.0
443979.2 6664062.5     0.73936971
444120.8 6663988.5     0.73936971
999.0 999.0 999.0
444111.7 6664924.5     0.50562494
444196.2 6664856.5     0.50562494
999.0 999.0 999.0
444114.9 6664321.5     0.94282908
444299.2 6664272.5     0.94282908
999.0 999.0 999.0
444037.7 6665223.5     0.73936971
444312.7 6665079.5     0.73936971
999.0 999.0 999.0
444237.8 6663808.5     0.22121947
444345.4 6663673.5     0.22121947
999.0 999.0 999.0
444345.4 6663673.5     0.34198101
444456.0 6663560.0     0.34198101
999.0 999.0 999.0
444548.9 6663828.5     0.59480463
444407.2 6663927.0     0.59480463
999.0 999.0 999.0
444369.9 6665062.0     0.48276556
444486.6 6664963.5     0.48276556
999.0 999.0 999.0
444431.3 6664779.0     0.22121947
444495.8 6664699.5     0.22121947
999.0 999.0 999.0
444495.8 6664699.5     0.50562494
444606.4 6664610.0     0.50562494
999.0 999.0 999.0
444775.4 6665139.5     0.52827449
444612.6 6665268.5     0.52827449
999.0 999.0 999.0
444609.5 6665197.0     0.02468195
444809.2 6664843.5     0.02468195
999.0 999.0 999.0
444717.1 6663984.5     0.31802839
444821.5 6663871.0     0.31802839
999.0 999.0 999.0
444901.4 6664920.5     0.59480463
444962.8 6664877.5     0.59480463
999.0 999.0 999.0
444962.8 6664877.5     0.71982316
445147.1 6664776.0     0.71982316
999.0 999.0 999.0
444901.4 6663763.5     0.29396603
445036.5 6663616.0     0.29396603
999.0 999.0 999.0
445036.5 6663616.0     0.24555205
445105.8 6663533.5     0.24555205
999.0 999.0 999.0
445315.6 6663003.5     0.43647563
445090.8 6663206.5     0.43647563
999.0 999.0 999.0
444913.7 6665388.5     0.61645106
445094.9 6665268.5     0.61645106
999.0 999.0 999.0
445247.5 6663717.0     0.38951433
445146.0 6663815.0     0.38951433
999.0 999.0 999.0
445146.0 6663815.0     0.67953203
445010.1 6663898.0     0.67953203
999.0 999.0 999.0
445010.1 6663898.0     0.19681526
444930.1 6664002.0     0.19681526
999.0 999.0 999.0
445094.9 6664435.0     0.41307247
445199.3 6664337.0     0.41307247
999.0 999.0 999.0
445088.8 6664936.0     0.31802839
445202.4 6664813.0     0.31802839
999.0 999.0 999.0
445104.1 6664610.0     0.41307247
445273.0 6664453.5     0.41307247
999.0 999.0 999.0
445225.1 6666296.0     0.17234812
445308.8 6666184.0     0.17234812
999.0 999.0 999.0
445308.8 6666184.0     0.02468195
445344.7 6666120.5     0.02468195
999.0 999.0 999.0
445344.7 6666120.5     0.43647563
445442.4 6666032.5     0.43647563
999.0 999.0 999.0
445442.4 6666032.5     0.52827449
445536.1 6665959.0     0.52827449
999.0 999.0 999.0
445331.4 6664782.0     0.52827449
445460.4 6664681.0     0.52827449
999.0 999.0 999.0
445371.3 6666305.5     0.65883538
445472.7 6666241.0     0.65883538
999.0 999.0 999.0
445374.4 6664404.5     0.22121947
445515.8 6664232.5     0.22121947
999.0 999.0 999.0
445515.8 6664232.5     0.29085979
445488.1 6664220.0     0.29085979
999.0 999.0 999.0
445488.1 6664220.0     0.90609332
445709.3 6664146.5     0.90609332
999.0 999.0 999.0
445395.9 6665071.0     0.17234812
445552.6 6664865.0     0.17234812
999.0 999.0 999.0
445552.6 6664865.0     0.65883538
445635.6 6664814.0     0.65883538
999.0 999.0 999.0
445635.6 6664814.0     0.12325856
445709.7 6664710.0     0.12325856
999.0 999.0 999.0
445709.7 6664710.0     0.12325856
445767.7 6664626.5     0.12325856
999.0 999.0 999.0
445472.7 6665218.0     0.75848295
445580.2 6665163.0     0.75848295
999.0 999.0 999.0
445518.8 6665679.0     0.09865235
445595.6 6665522.0     0.09865235
999.0 999.0 999.0
445478.9 6665288.5     0.73936971
445607.9 6665221.0     0.73936971
999.0 999.0 999.0
445597.9 6665873.0     0.26980401
445685.7 6665773.5     0.26980401
999.0 999.0 999.0
445611.0 6665141.5     0.19681526
445755.3 6664957.0     0.19681526
999.0 999.0 999.0
445684.7 6665995.5     0.02468195
445761.5 6665866.5     0.02468195
999.0 999.0 999.0
445715.6 6665817.0     0.63780134
445826.2 6665746.0     0.63780134
999.0 999.0 999.0
445826.2 6665746.0     0.57288112
445872.3 6665712.5     0.57288112
999.0 999.0 999.0
445703.2 6664227.0     0.94282908
445878.3 6664181.0     0.94282908
999.0 999.0 999.0
445878.3 6664181.0     0.84655620
446071.8 6664104.5     0.84655620
999.0 999.0 999.0
446071.8 6664104.5     0.79529999
446139.4 6664073.5     0.79529999
999.0 999.0 999.0
445862.9 6665321.0     0.09865235
445942.8 6665204.5     0.09865235
999.0 999.0 999.0
445942.8 6665204.5     0.22121947
445985.8 6665093.5     0.22121947
999.0 999.0 999.0
445985.8 6665093.5     0.36581333
446010.4 6665001.5     0.36581333
999.0 999.0 999.0
446010.4 6665001.5     0.07401572
446065.7 6664915.5     0.07401572
999.0 999.0 999.0
445887.5 6664577.5     0.31802839
445995.0 6664461.0     0.31802839
999.0 999.0 999.0
445995.0 6664461.0     0.22121947
446062.6 6664378.0     0.22121947
999.0 999.0 999.0
445845.2 6666811.0     0.55069867
446042.6 6666661.5     0.55069867
999.0 999.0 999.0
446042.6 6666661.5     0.61645106
446190.1 6666562.0     0.61645106
999.0 999.0 999.0
446190.1 6666562.0     0.57288112
446295.8 6666486.0     0.57288112
999.0 999.0 999.0
445964.2 6665709.5     0.19681526
446056.4 6665590.0     0.19681526
999.0 999.0 999.0
445945.8 6665989.0     0.94282908
446136.3 6665937.0     0.94282908
999.0 999.0 999.0
445998.0 6665927.5     0.87770162
446173.2 6665863.0     0.87770162
999.0 999.0 999.0
446182.4 6665127.5     0.59480463
446246.9 6665081.5     0.59480463
999.0 999.0 999.0
446246.9 6665081.5     0.61645106
446305.3 6665041.5     0.61645106
999.0 999.0 999.0
446148.2 6666341.5     0.50562494
446247.9 6666261.5     0.50562494
999.0 999.0 999.0
446157.8 6664611.0     0.24555205
446256.1 6664494.5     0.24555205
999.0 999.0 999.0
446471.3 6666079.5     0.84655620
446295.6 6666149.5     0.84655620
999.0 999.0 999.0
446234.6 6664460.5     0.38951433
446332.9 6664365.5     0.38951433
999.0 999.0 999.0
446253.1 6665484.0     0.69986909
446369.8 6665416.0     0.69986909
999.0 999.0 999.0
446369.8 6665416.0     0.75848295
446483.5 6665358.0     0.75848295
999.0 999.0 999.0
446483.5 6665358.0     0.83004196
446551.1 6665330.0     0.83004196
999.0 999.0 999.0
446551.1 6665330.0     0.59480463
446637.1 6665269.0     0.59480463
999.0 999.0 999.0
446283.8 6664335.0     0.43647563
446388.2 6664242.5     0.43647563
999.0 999.0 999.0
446117.8 6665860.0     0.87770162
446418.9 6665752.5     0.87770162
999.0 999.0 999.0
446185.4 6665891.0     0.95334515
446477.3 6665820.0     0.95334515
999.0 999.0 999.0
446397.5 6666514.0     0.79529999
446509.1 6666462.0     0.79529999
999.0 999.0 999.0
446382.1 6665929.0     0.26980401
446572.6 6665711.0     0.26980401
999.0 999.0 999.0
446399.5 6666312.5     0.84655620
446576.9 6666241.0     0.84655620
999.0 999.0 999.0
446514.1 6665608.0     0.55069867
446606.3 6665537.5     0.55069867
999.0 999.0 999.0
446606.3 6665537.5     0.34198101
446716.9 6665421.0     0.34198101
999.0 999.0 999.0
446412.8 6665746.5     0.79529999
446661.6 6665629.5     0.79529999
999.0 999.0 999.0
446664.8 6667144.0     0.41307247
446747.8 6667067.5     0.41307247
999.0 999.0 999.0
446812.2 6665026.0     0.17234812
446879.8 6664863.5     0.17234812
999.0 999.0 999.0
446650.8 6667040.0     0.57288112
446882.1 6666874.5     0.57288112
999.0 999.0 999.0
446799.7 6666675.5     0.38951433
446887.0 6666592.5     0.38951433
999.0 999.0 999.0
446887.0 6666592.5     0.57288112
447021.4 6666494.0     0.57288112
999.0 999.0 999.0
447021.4 6666494.0     0.59480463
447076.5 6666456.0     0.59480463
999.0 999.0 999.0
446842.2 6667307.5     0.00000000
446908.0 6667191.5     0.00000000
999.0 999.0 999.0
446862.1 6667724.0     0.26980401
446943.2 6667631.5     0.26980401
999.0 999.0 999.0
446943.2 6667631.5     0.63780134
447069.5 6667548.5     0.63780134
999.0 999.0 999.0
447069.5 6667548.5     0.67953203
447201.1 6667469.0     0.67953203
999.0 999.0 999.0
446862.2 6665342.0     0.52827449
446946.3 6665276.5     0.52827449
999.0 999.0 999.0
446915.9 6667495.0     0.09865235
446963.8 6667425.0     0.09865235
999.0 999.0 999.0
446861.3 6665553.0     0.86245454
446971.9 6665510.0     0.86245454
999.0 999.0 999.0
446910.4 6665104.5     0.02468195
446974.9 6664987.5     0.02468195
999.0 999.0 999.0
446941.2 6664568.5     0.67953203
447018.0 6664522.5     0.67953203
999.0 999.0 999.0
447019.6 6667064.0     0.04935638
447073.5 6666978.5     0.04935638
999.0 999.0 999.0
447019.6 6666894.5     0.67953203
447121.3 6666833.0     0.67953203
999.0 999.0 999.0
447121.3 6666833.0     0.59480463
447211.1 6666771.0     0.59480463
999.0 999.0 999.0
447211.1 6666771.0     0.91915994
447290.8 6666747.0     0.91915994
999.0 999.0 999.0
447290.8 6666747.0     0.17234812
447300.8 6666723.0     0.17234812
999.0 999.0 999.0
447051.8 6666353.0     0.04935638
447131.7 6666205.5     0.04935638
999.0 999.0 999.0
447064.0 6665433.0     0.22121947
447143.9 6665335.0     0.22121947
999.0 999.0 999.0
447116.1 6667071.0     0.31802839
447223.0 6666954.5     0.31802839
999.0 999.0 999.0
446830.6 6666069.0     0.61645106
447263.7 6665780.5     0.61645106
999.0 999.0 999.0
447481.9 6666264.0     0.50562494
447279.2 6666430.0     0.50562494
999.0 999.0 999.0
447320.6 6667655.5     0.14782648
447383.5 6667569.5     0.14782648
999.0 999.0 999.0
447383.5 6667569.5     0.14782648
447462.7 6667389.5     0.14782648
999.0 999.0 999.0
447309.2 6665381.0     0.63780134
447385.2 6665331.0     0.63780134
999.0 999.0 999.0
447150.1 6665179.5     0.90609332
447386.6 6665103.0     0.90609332
999.0 999.0 999.0
447386.6 6665103.0     0.97907378
447623.2 6665057.0     0.97907378
999.0 999.0 999.0
447303.7 6665697.5     0.71982316
447398.9 6665645.0     0.71982316
999.0 999.0 999.0
447404.5 6667080.5     0.19681526
447456.3 6667015.0     0.19681526
999.0 999.0 999.0
447412.5 6664919.0     0.19681526
447508.0 6664795.5     0.19681526
999.0 999.0 999.0
447598.5 6667468.5     0.59480463
447508.5 6667530.5     0.59480463
999.0 999.0 999.0
447457.0 6667485.5     0.98555181
447521.3 6667474.5     0.98555181
999.0 999.0 999.0
447521.3 6667474.5     0.67953203
447615.7 6667417.0     0.67953203
999.0 999.0 999.0
447440.1 6667124.0     0.52827449
447632.5 6666971.5     0.52827449
999.0 999.0 999.0
447398.9 6665772.5     0.75848295
447635.5 6665649.5     0.75848295
999.0 999.0 999.0
447588.3 6667742.5     0.24555205
447641.6 6667679.0     0.24555205
999.0 999.0 999.0
447609.8 6666957.0     0.07401572
447677.6 6666853.5     0.07401572
999.0 999.0 999.0
447448.0 6665970.5     0.45971111
447681.5 6665765.0     0.45971111
999.0 999.0 999.0
447598.6 6666264.0     0.14782648
447700.0 6666040.0     0.14782648
999.0 999.0 999.0
447700.0 6666040.0     0.07401572
447767.6 6665907.5     0.07401572
999.0 999.0 999.0
447721.5 6666276.5     0.02468195
447755.3 6666215.0     0.02468195
999.0 999.0 999.0
447711.2 6664624.0     0.04935638
447815.9 6664457.5     0.04935638
999.0 999.0 999.0
447815.9 6664457.5     0.04935638
447896.0 6664328.5     0.04935638
999.0 999.0 999.0
447803.5 6665952.0     0.29396603
447886.1 6665859.5     0.29396603
999.0 999.0 999.0
447886.1 6665859.5     0.63780134
447951.3 6665816.5     0.63780134
999.0 999.0 999.0
447727.6 6665817.0     0.57288112
447890.4 6665697.5     0.57288112
999.0 999.0 999.0
447847.5 6666116.5     0.12325856
447908.9 6665987.5     0.12325856
999.0 999.0 999.0
447908.9 6665987.5     0.50562494
447991.8 6665920.0     0.50562494
999.0 999.0 999.0
447991.8 6665920.0     0.02468195
448071.4 6665785.5     0.02468195
999.0 999.0 999.0
448071.4 6665785.5     0.09865235
448179.2 6665625.5     0.09865235
999.0 999.0 999.0
447906.9 6667419.5     0.63780134
447988.7 6667365.5     0.63780134
999.0 999.0 999.0
447839.3 6666837.5     0.59480463
448002.7 6666724.5     0.59480463
999.0 999.0 999.0
448002.7 6666724.5     0.69986909
448129.7 6666652.0     0.69986909
999.0 999.0 999.0
448129.7 6666652.0     0.97907378
448260.4 6666626.5     0.97907378
999.0 999.0 999.0
448260.4 6666626.5     0.55069867
448318.4 6666583.0     0.55069867
999.0 999.0 999.0
447831.3 6664799.5     0.02468195
448003.8 6664482.0     0.02468195
999.0 999.0 999.0
448003.8 6664482.0     0.09865235
448086.9 6664313.0     0.09865235
999.0 999.0 999.0
447919.2 6667040.5     0.26980401
448006.3 6666939.0     0.26980401
999.0 999.0 999.0
448006.3 6666939.0     0.71982316
448158.8 6666855.5     0.71982316
999.0 999.0 999.0
448158.8 6666855.5     0.86245454
448525.3 6666714.0     0.86245454
999.0 999.0 999.0
448525.3 6666714.0     0.84655620
448808.4 6666601.5     0.84655620
999.0 999.0 999.0
447890.2 6667280.0     0.86245454
448162.4 6667175.0     0.86245454
999.0 999.0 999.0
448162.4 6667175.0     0.89226064
448398.3 6667095.0     0.89226064
999.0 999.0 999.0
448014.9 6667805.5     0.77713583
448163.0 6667733.5     0.77713583
999.0 999.0 999.0
448100.2 6667813.0     0.19681526
448195.6 6667692.5     0.19681526
999.0 999.0 999.0
448231.6 6667869.0     0.00000000
448197.8 6667927.5     0.00000000
999.0 999.0 999.0
448081.0 6666599.0     0.73936971
448231.5 6666519.0     0.73936971
999.0 999.0 999.0
448231.5 6666519.0     0.73936971
448366.7 6666448.5     0.73936971
999.0 999.0 999.0
448366.7 6666448.5     0.71982316
448461.9 6666396.5     0.71982316
999.0 999.0 999.0
448203.3 6667284.0     0.48276556
448319.9 6667186.0     0.48276556
999.0 999.0 999.0
448047.0 6666841.5     0.86245454
448335.2 6666731.5     0.86245454
999.0 999.0 999.0
448254.6 6667393.5     0.09865235
448352.3 6667249.5     0.09865235
999.0 999.0 999.0
448301.9 6667824.5     0.77713583
448422.4 6667765.0     0.77713583
999.0 999.0 999.0
448422.4 6667765.0     0.22121947
448492.6 6667677.0     0.22121947
999.0 999.0 999.0
448382.1 6665932.0     0.55069867
448455.8 6665877.0     0.55069867
999.0 999.0 999.0
448398.3 6667389.0     0.48276556
448554.4 6667258.5     0.48276556
999.0 999.0 999.0
448554.4 6667258.5     0.73936971
448808.4 6667124.0     0.73936971
999.0 999.0 999.0
448637.1 6665877.0     0.26980401
448581.8 6665941.5     0.26980401
999.0 999.0 999.0
448554.3 6667415.0     0.45971111
448602.6 6667373.5     0.45971111
999.0 999.0 999.0
448456.4 6667389.0     0.67953203
448665.9 6667261.9     0.67953203
999.0 999.0 999.0
448369.2 6666917.0     0.89226064
448703.2 6666804.5     0.89226064
999.0 999.0 999.0
448703.2 6666804.5     0.87770162
449026.2 6666688.5     0.87770162
999.0 999.0 999.0
448529.5 6665698.5     0.75848295
448713.9 6665603.5     0.75848295
999.0 999.0 999.0
448687.0 6667473.5     0.19681526
448735.5 6667410.5     0.19681526
999.0 999.0 999.0
448735.5 6667410.5     0.45971111
448802.1 6667353.0     0.45971111
999.0 999.0 999.0
448707.7 6665923.0     0.14782648
448756.9 6665855.5     0.14782648
999.0 999.0 999.0
448659.6 6667124.0     0.84655620
448870.1 6667037.0     0.84655620
999.0 999.0 999.0
448870.1 6667037.0     0.43647563
448968.1 6666950.0     0.43647563
999.0 999.0 999.0
448823.7 6667489.5     0.73936971
448883.1 6667457.5     0.73936971
999.0 999.0 999.0
448883.1 6667457.5     0.86245454
448958.7 6667429.0     0.86245454
999.0 999.0 999.0
448728.5 6667722.5     0.77713583
448889.8 6667644.0     0.77713583
999.0 999.0 999.0
448830.5 6666461.0     0.04935638
448895.0 6666356.5     0.04935638
999.0 999.0 999.0
448895.0 6666356.5     0.22121947
448944.2 6666295.0     0.22121947
999.0 999.0 999.0
448904.7 6667748.5     0.17234812
449057.6 6667543.5     0.17234812
999.0 999.0 999.0
449057.6 6667543.5     0.36581333
449129.6 6667471.5     0.36581333
999.0 999.0 999.0
449129.6 6667471.5     0.86245454
449196.2 6667446.5     0.86245454
999.0 999.0 999.0
449196.2 6667446.5     0.29396603
449253.8 6667381.5     0.29396603
999.0 999.0 999.0
449033.2 6666224.5     0.14782648
449073.2 6666169.0     0.14782648
999.0 999.0 999.0
448793.9 6667254.5     0.83004196
449073.4 6667138.5     0.83004196
999.0 999.0 999.0
449061.0 6666046.0     0.45971111
449159.3 6665959.5     0.45971111
999.0 999.0 999.0
449159.3 6665959.5     0.29396603
449236.1 6665873.5     0.29396603
999.0 999.0 999.0
448955.2 6666579.0     0.43647563
449173.8 6666379.0     0.43647563
999.0 999.0 999.0
449048.0 6667755.5     0.43647563
449182.3 6667636.0     0.43647563
999.0 999.0 999.0
449104.0 6665655.5     0.65883538
449251.5 6665563.5     0.65883538
999.0 999.0 999.0
449251.5 6665563.5     0.69986909
449322.1 6665523.5     0.69986909
999.0 999.0 999.0
448965.3 6667499.5     0.77713583
449265.8 6667352.5     0.77713583
999.0 999.0 999.0
449243.0 6667549.0     0.09865235
449323.9 6667428.5     0.09865235
999.0 999.0 999.0
449207.7 6667113.0     0.79529999
449352.9 6667044.0     0.79529999
999.0 999.0 999.0
449291.4 6666973.5     0.77713583
449528.9 6666857.0     0.77713583
999.0 999.0 999.0
449368.2 6665932.0     0.77713583
449586.3 6665824.5     0.77713583
999.0 999.0 999.0
449586.3 6665824.5     0.50562494
449703.1 6665729.5     0.50562494
999.0 999.0 999.0
449385.5 6666554.0     0.91915994
449599.7 6666489.0     0.91915994
999.0 999.0 999.0
449599.7 6666489.0     0.90609332
449788.4 6666427.0     0.90609332
999.0 999.0 999.0
449460.3 6667041.0     0.14782648
449638.5 6666799.0     0.14782648
999.0 999.0 999.0
449644.6 6666074.0     0.07401572
449696.8 6665969.5     0.07401572
999.0 999.0 999.0
449696.8 6665969.5     0.02468195
449742.9 6665892.5     0.02468195
999.0 999.0 999.0
449742.9 6665892.5     0.09865235
449801.2 6665806.5     0.09865235
999.0 999.0 999.0
449644.7 6665818.5     0.79529999
449773.7 6665757.0     0.79529999
999.0 999.0 999.0
449937.2 6666340.0     0.83004196
450104.2 6666267.5     0.83004196
999.0 999.0 999.0
450076.9 6666564.0     0.07401572
450133.1 6666454.0     0.07401572
999.0 999.0 999.0
450024.7 6666075.0     0.65883538
450279.2 6665914.5     0.65883538
999.0 999.0 999.0
450180.7 6665908.0     0.55069867
450291.6 6665825.0     0.55069867
999.0 999.0 999.0
450211.5 6666407.0     0.22121947
450310.0 6666287.0     0.22121947
999.0 999.0 999.0
450159.2 6666259.0     0.45971111
450393.2 6666056.0     0.45971111
999.0 999.0 999.0
