 63.71
 67.55
 67.60
 68.38
 70.17
 82.85
 83.50
 83.53
 84.81
 84.95
 89.51
 90.95
 91.98
 97.97
101.04
106.62
108.54
108.73
109.34
112.83
118.66
120.15
120.78
120.90
123.17
123.52
123.74
126.43
127.84
132.67
133.37
133.60
136.71
138.50
139.51
142.94
143.22
144.25
145.18
145.62
148.24
149.99
150.14
150.91
152.29
152.44
152.75
153.66
154.24
155.27
156.10
158.10
159.79
160.75
162.17
163.84
164.64
167.47
167.53
167.74
172.54
174.03
174.77
175.76
176.00
179.31
179.75
182.00
186.63
188.40
189.21
190.71
191.33
197.44
198.47
201.55
201.96
202.11
207.38
207.72
211.06
217.37
230.24
234.27
235.95
244.67
245.07
245.49
246.26
247.01
247.88
255.01
255.52
259.60
262.04
262.38
264.56
265.58
266.63
269.23
274.98
275.80
276.69
284.42
285.38
289.49
296.31
300.36
300.51
300.96
302.62
302.86
303.24
307.79
308.53
309.78
310.39
310.49
311.03
319.68
330.26
331.06
334.50
335.86
337.19
348.50
354.00
358.82
384.37
393.69
394.62
399.88
406.00
422.48
427.84
431.43
431.53
436.45
441.31
444.95
457.76
463.36
463.50
471.61
486.04
489.59
490.90
508.81
515.53
520.44
540.90
548.81
549.64
550.56
555.75
585.58
599.00
622.12
695.61
1005.16
