442661.3438	6663976.5	442756.7813	6663875	442846.1875	6663814.5	442975.2188	6663688.5	443045.875	6663648.5		
442671.0938	6664782	442772.4688	6664644.5	442833.9063	6664598						
442867.6875	6664515	442923	6664407.5								
442966.1875	6664333.5	443037.0313	6664290.5	443123.25	6664213.5						
443070.4375	6664598	443193.3125	6664505.5	443285.5	6664462.5						
442873.8438	6664899	443227.125	6664628.5								
443082.75	6664960.5	443297.7813	6664702.5								
443271.0313	6664850.5	443304.9063	6664792								
443156.4688	6664091	443316.2188	6663999	443383.7813	6663977.5	443485.1563	6663897.5	443623.4063	6663808.5		
443208.7188	6663827	443454.5	6663424.5								
443331.5625	6664825	443482.0938	6664613.5								
443377.6563	6665092	443488.25	6664905	443531.25	6664800.5						
443357.25	6664718.5	443505.0625	6664518	443548.1563	6664373.5						
443436	6664410.5	443657.1875	6664257								
443399.125	6664266	443675.625	6663999								
443537.375	6664748.5	443712.4688	6664552	443743.1875	6664530.5	443826.125	6664509	443921.375	6664441	444010.4375	6664362.5
443565.0938	6663784	443734.0313	6663566								
443675.6875	6663166.5	443813.9063	6663007								
443718.6875	6663514	443847.7188	6663449.5								
443777	6665301.5	443875.2813	6665172.5								
443820.0625	6663185	444004.375	6663056	444176.4063	6662933						
443831.25	6665074	444039.1875	6664962.5								
443838.4375	6663992.5	444075	6663879								
443979.2188	6664062.5	444120.8438	6663988.5								
444111.6563	6664924.5	444196.25	6664856.5								
444114.9375	6664321.5	444299.25	6664272.5								
444037.7188	6665223.5	444312.6875	6665079.5								
444237.8438	6663808.5	444345.375	6663673.5	444455.9688	6663560						
444548.875	6663828.5	444407.2188	6663927								
444369.875	6665062	444486.625	6664963.5								
444431.3125	6664779	444495.8438	6664699.5	444606.4375	6664610						
444775.4063	6665139.5	444612.5938	6665268.5								
444609.5	6665197	444809.1875	6664843.5								
444717.0625	6663984.5	444821.5	6663871								
444901.375	6664920.5	444962.7813	6664877.5	445147.0938	6664776						
444901.375	6663763.5	445036.5313	6663616	445105.8125	6663533.5						
445315.5625	6663003.5	445090.8125	6663206.5								
444913.6563	6665388.5	445094.9063	6665268.5								
445247.4688	6663717	445146	6663815	445010.0625	6663898	444930.0938	6664002				
445094.875	6664435	445199.3125	6664337								
445088.75	6664936	445202.4063	6664813								
445104.0938	6664610	445272.9688	6664453.5								
445225.0625	6666296	445308.7813	6666184	445344.6875	6666120.5	445442.375	6666032.5	445536.0938	6665959		
445331.4375	6664782	445460.4375	6664681								
445371.3438	6666305.5	445472.7188	6666241								
445374.4375	6664404.5	445515.75	6664232.5	445488.0938	6664220	445709.2813	6664146.5				
445395.9375	6665071	445552.625	6664865	445635.625	6664814	445709.6563	6664710	445767.6875	6664626.5		
445472.7188	6665218	445580.25	6665163								
445518.8125	6665679	445595.5938	6665522								
445478.875	6665288.5	445607.9063	6665221								
445597.9063	6665873	445685.6563	6665773.5								
445610.9688	6665141.5	445755.3438	6664957								
445684.6875	6665995.5	445761.5	6665866.5								
445715.5938	6665817	445826.1875	6665746	445872.2813	6665712.5						
445703.1563	6664227	445878.2813	6664181	446071.8125	6664104.5	446139.375	6664073.5				
445862.9375	6665321	445942.8125	6665204.5	445985.8125	6665093.5	446010.4063	6665001.5	446065.6875	6664915.5		
445887.5	6664577.5	445995.0313	6664461	446062.625	6664378						
445845.1563	6666811	446042.5625	6666661.5	446190.0938	6666562	446295.7813	6666486				
445964.25	6665709.5	446056.4063	6665590								
445945.8125	6665989	446136.2813	6665937								
445998.0313	6665927.5	446173.1563	6665863								
446182.4375	6665127.5	446246.9375	6665081.5	446305.3125	6665041.5						
446148.1875	6666341.5	446247.9063	6666261.5								
446157.8125	6664611	446256.125	6664494.5								
446471.3438	6666079.5	446295.5625	6666149.5								
446234.625	6664460.5	446332.9375	6664365.5								
446253.0938	6665484	446369.8125	6665416	446483.5	6665358	446551.0625	6665330	446637.0938	6665269		
446283.8125	6664335	446388.25	6664242.5								
446117.8438	6665860	446418.9063	6665752.5								
446185.4375	6665891	446477.2813	6665820								
446397.4688	6666514	446509.125	6666462								
446382.125	6665929	446572.5938	6665711								
446399.4688	6666312.5	446576.9375	6666241								
446514.125	6665608	446606.3125	6665537.5	446716.9063	6665421						
446412.75	6665746.5	446661.5938	6665629.5								
446664.8438	6667144	446747.7813	6667067.5								
446812.1563	6665026	446879.75	6664863.5								
446650.75	6667040	446882.0625	6666874.5								
446799.6875	6666675.5	446887.0313	6666592.5	447021.375	6666494	447076.4688	6666456				
446842.1563	6667307.5	446907.9688	6667191.5								
446862.125	6667724	446943.25	6667631.5	447069.4688	6667548.5	447201.0625	6667469				
446862.1875	6665342	446946.3125	6665276.5								
446915.9375	6667495	446963.8125	6667425								
446861.2813	6665553	446971.875	6665510								
446910.4375	6665104.5	446974.9375	6664987.5								
446941.2188	6664568.5	447018	6664522.5								
447019.625	6667064	447073.4688	6666978.5								
447019.625	6666894.5	447121.3125	6666833	447211.0625	6666771	447290.8125	6666747	447300.7813	6666723		
447051.8125	6666353	447131.6875	6666205.5								
447064.0313	6665433	447143.9063	6665335								
447116.125	6667071	447223	6666954.5								
446830.5625	6666069	447263.7188	6665780.5								
447481.9063	6666264	447279.1563	6666430								
447320.5625	6667655.5	447383.5313	6667569.5	447462.7188	6667389.5						
447309.25	6665381	447385.2188	6665331								
447150.0938	6665179.5	447386.625	6665103	447623.1875	6665057						
447303.6563	6665697.5	447398.875	6665645								
447404.4688	6667080.5	447456.3125	6667015								
447412.5313	6664919	447508	6664795.5								
447598.5313	6667468.5	447508.4688	6667530.5								
447457	6667485.5	447521.3438	6667474.5	447615.6875	6667417						
447440.0938	6667124	447632.4688	6666971.5								
447398.9063	6665772.5	447635.4688	6665649.5								
447588.3438	6667742.5	447641.5625	6667679								
447609.8125	6666957	447677.625	6666853.5								
447448.0313	6665970.5	447681.5	6665765								
447598.625	6666264	447700	6666040	447767.5938	6665907.5						
447721.5313	6666276.5	447755.3125	6666215								
447711.25	6664624	447815.9375	6664457.5	447896	6664328.5						
447803.5313	6665952	447886.0938	6665859.5	447951.3125	6665816.5						
447727.5938	6665817	447890.4063	6665697.5								
447847.4688	6666116.5	447908.9063	6665987.5	447991.8438	6665920	448071.4063	6665785.5	448179.1875	6665625.5		
447906.9375	6667419.5	447988.6875	6667365.5								
447839.3438	6666837.5	448002.6875	6666724.5	448129.7188	6666652	448260.375	6666626.5	448318.4375	6666583		
447831.3438	6664799.5	448003.7813	6664482	448086.9063	6664313						
447919.1875	6667040.5	448006.3125	6666939	448158.75	6666855.5	448525.3438	6666714	448808.4375	6666601.5		
447890.1563	6667280	448162.375	6667175	448398.3125	6667095						
448014.9063	6667805.5	448162.9688	6667733.5								
448100.2188	6667813	448195.5625	6667692.5								
448231.5625	6667869	448197.7813	6667927.5								
448081	6666599	448231.5313	6666519	448366.6875	6666448.5	448461.9375	6666396.5				
448203.3438	6667284	448319.9063	6667186								
448047	6666841.5	448335.25	6666731.5								
448254.625	6667393.5	448352.3438	6667249.5								
448301.875	6667824.5	448422.4375	6667765	448492.625	6667677						
448382.0938	6665932	448455.8125	6665877								
448398.3125	6667389	448554.375	6667258.5	448808.4375	6667124						
448637.0625	6665877	448581.7813	6665941.5								
448554.2813	6667415	448602.625	6667373.5								
448456.375	6667389	448665.9159	6667261.914								
448369.25	6666917	448703.1875	6666804.5	449026.2188	6666688.5						
448529.5313	6665698.5	448713.875	6665603.5								
448686.9688	6667473.5	448735.5313	6667410.5	448802.125	6667353						
448707.7188	6665923	448756.875	6665855.5								
448659.625	6667124	448870.125	6667037	448968.125	6666950						
448823.7188	6667489.5	448883.0938	6667457.5	448958.6875	6667429						
448728.5313	6667722.5	448889.75	6667644								
448830.5	6666461	448895.0313	6666356.5	448944.1875	6666295						
448904.6875	6667748.5	449057.625	6667543.5	449129.625	6667471.5	449196.1875	6667446.5	449253.7813	6667381.5		
449033.25	6666224.5	449073.1875	6666169								
448793.9063	6667254.5	449073.4063	6667138.5								
449061	6666046	449159.3125	6665959.5	449236.125	6665873.5						
448955.1875	6666579	449173.8125	6666379								
449048	6667755.5	449182.2813	6667636								
449104	6665655.5	449251.4688	6665563.5	449322.125	6665523.5						
448965.2813	6667499.5	449265.75	6667352.5								
449242.9688	6667549	449323.9375	6667428.5								
449207.6875	6667113	449352.875	6667044								
449291.375	6666973.5	449528.9063	6666857								
449368.1875	6665932	449586.3125	6665824.5	449703.0625	6665729.5						
449385.5313	6666554	449599.6875	6666489	449788.4375	6666427						
449460.3438	6667041	449638.5	6666799								
449644.5938	6666074	449696.8125	6665969.5	449742.9063	6665892.5	449801.25	6665806.5				
449644.6875	6665818.5	449773.7188	6665757								
449937.25	6666340	450104.1875	6666267.5								
450076.9375	6666564	450133.125	6666454								
450024.6563	6666075	450279.25	6665914.5								
450180.6875	6665908	450291.5625	6665825								
450211.5	6666407	450310.0313	6666287								
450159.1563	6666259	450393.1563	6666056								
